Reacoes de apoio [N]
[-3634.86876688 -2332.96757527 -2662.17630959 -3547.65062167
 -1586.29952681  -365.13123312   129.09403334]

Deslocamentos [m]
[[0.00000000e+00]
 [0.00000000e+00]
 [2.75534644e-07]
 [0.00000000e+00]
 [1.62744803e-07]
 [0.00000000e+00]
 [4.99549629e-08]
 [0.00000000e+00]
 [0.00000000e+00]
 [0.00000000e+00]
 [1.22143612e-06]
 [1.75099073e-07]
 [6.23056619e-07]
 [7.50825528e-07]
 [3.50166729e-07]
 [2.72889890e-07]
 [1.33551493e-06]
 [1.95281042e-06]]

Deformacoes []
[[ 2.75534644e-07]
 [-1.12789840e-07]
 [-1.12789840e-07]
 [-4.99549629e-08]
 [ 6.98267595e-07]
 [ 1.75099073e-07]
 [ 5.49173752e-07]
 [ 7.50825528e-07]
 [ 8.88619359e-08]
 [-5.98379497e-07]
 [-2.72889890e-07]
 [ 2.72889890e-07]
 [-3.86384196e-08]
 [ 9.45895079e-07]
 [ 1.20198489e-06]
 [ 3.47286164e-07]]

Forcas internas [N]
[[ 1301.90119161]
 [ -532.93199591]
 [ -532.93199591]
 [ -236.03719978]
 [ 3299.31438552]
 [  827.34312207]
 [ 2594.84597848]
 [ 3547.65062167]
 [  419.87264728]
 [-2827.34312207]
 [-1289.40473068]
 [ 1289.40473068]
 [ -182.56653277]
 [ 4469.35424949]
 [ 5679.37860532]
 [ 1640.92712475]]

Tensoes internas [Pa]
[[  57862.27518256]
 [ -23685.86648495]
 [ -23685.86648495]
 [ -10490.54221267]
 [ 146636.19491206]
 [  36770.80542544]
 [ 115326.48793251]
 [ 157673.36096323]
 [  18661.00654577]
 [-125659.69431433]
 [ -57306.8769191 ]
 [  57306.8769191 ]
 [  -8114.06812308]
 [ 198637.96664411]
 [ 252416.82690302]
 [  72930.09443316]]